# This data is taken from Garcia, J., & Quintana-Domeque, C. (2007). The evolution of adult height in Europe: a brief note. Economics & Human Biology, 5(2), 340–349.
# (http://www.econ.upf.edu/docs/papers/downloads/1002.pdf)

# Note: These average values are not weighted for number of observations. 
# Total n is around 26,000 males and 25,000 females.
# Only cohorts born between 1970 and 1980 are included.

male_n <- c(168, 208, 195, 142, 147, 169, 120, 164, 179, 108, 102, 154, 304, 313, 305, 179, 121, 190, 636, 593, 684, 391, 426, 509, 511, 484, 496, 135, 148, 154, 190, 202, 191, 93, 112, 86, 119, 106, 213, 119, 136, 130, 247, 252, 308, 163, 159, 205, 616, 621, 515, 393, 436, 543, 396, 535, 472, 158, 140, 140, 236, 211, 156, 105, 53, 105, 132, 71, 67, 107, 84, 81, 54, 164, 189, 296, 261, 191, 199, 591, 489, 476, 398, 525, 571, 149, 127, 180, 104, 69, 253, 157, 61, 161, 107, 54, 395, 237, 106, 288, 204, 87, 332, 203, 111, 85)

female_n <- c(206, 149, 189, 191, 177, 171, 206, 155, 132, 77, 69, 111, 168, 142, 175, 159, 158, 105, 146, 104, 66, 147, 157, 173, 135, 143, 163, 90, 117, 80, 52, 126, 136, 91, 141, 121, 119, 156, 180, 237, 116, 90, 268, 262, 344, 298, 335, 264, 286, 322, 316, 184, 77, 122, 142, 178, 174, 194, 169, 200, 180, 111, 97, 658, 592, 674, 640, 626, 548, 621, 575, 332, 210, 92, 353, 306, 371, 364, 363, 451, 516, 438, 320, 214, 106, 510, 494, 481, 479, 531, 519, 469, 501, 318, 236, 94, 130, 143, 153, 138, 165, 118, 125, 113, 86)

male_height <- c(
174.7, 179.7, 178.1, 178.0, 178.5, 178.6, 180.8, 178.7, 180.2, 177.5, 178.7, 178.2, 177.5, 179.5, 176.8, 177.7, 179.2, 175.9, 174.7, 175.6, 174.0, 170.2, 169.9, 172.2, 175.8, 174.4, 176.7, 179.9, 180.6, 180.8, 180.5, 178.5, 176.9, 179.6, 180.3, 178.2, 180.5, 179.2, 181.6, 176.4, 181.0, 180.3, 180.7, 179.3, 178.4, 178.6, 182.1, 182.1, 183.6, 181.7, 186.0, 182.6, 185.4, 180.7, 176.5, 176.1, 179.8, 179.9, 178.2, 180.0, 175.9, 177.7, 180.0, 178.0, 177.8, 178.4, 179.5, 179.3, 178.3, 175.5, 178.1, 176.2, 176.6, 179.3, 175.4, 178.3, 177.5, 174.6, 176.8, 175.7, 176.1, 175.9, 177.8, 178.4, 177.2, 172.4, 173.2, 172.9, 171.2, 173.8, 172.0, 173.9, 173.7, 176.2, 175.2, 175.9, 176.4, 176.4, 172.7, 176.8, 178.0, 180.2, 180.6, 179.9, 181.4, 181.0, 180.9, 181.3)


female_height <- c(
166.2, 166.8, 168.6, 167.2, 167.7, 168.1, 166.5, 166.5, 168.7, 166.2, 167.6, 166.7, 166.2, 167.7, 164.4, 167.0, 165.7, 166.1, 166.8, 167.7, 170.5, 168.1, 169.0, 166.4, 167.5, 167.9, 168.7, 169.9, 170.7, 167.0, 168.7, 167.5, 169.1, 164.9, 166.2, 164.3, 163.5, 166.1, 165.9, 166.5, 164.6, 165.9, 167.6, 165.0, 165.3, 166.8, 166.5, 166.7, 166.3, 165.9, 166.0, 165.6, 165.9, 165.5, 166.6, 160.8, 164.3, 164.5, 165.8, 163.4, 165.5, 164.6, 164.2, 165.0, 164.7, 163.5, 164.1, 163.7, 163.9, 163.7, 164.9, 165.7, 165.9, 165.5, 166.8, 166.6, 167.8, 159.1, 162.2, 160.8, 162.4, 163.4, 163.6, 161.8, 162.6, 162.2, 162.3, 163.7, 163.7, 163.9, 164.2, 164.7, 164.7, 164.7, 164.0, 165.0, 165.3, 167.0, 166.2, 167.2, 167.0, 166.2, 166.7, 167.0, 166.4, 167.0, 166.1, 165.7, 170.2)

male_sd <- c(
9.1, 5.6, 6.8, 7.3, 6.5, 8.7, 6.0, 7.1, 8.0, 7.1, 6.1, 6.6, 9.0, 7.3, 7.0, 8.7, 6.1, 10.1, 6.0, 6.0, 8.6, 5.9, 6.8, 5.7, 7.1, 7.9, 5.9, 7.8, 5.5, 6.8, 6.8, 6.5, 6.8, 5.9, 6.9, 6.5, 7.9, 6.2, 7.2, 7.4, 8.4, 5.9, 6.5, 7.6, 6.3, 6.8, 7.8, 7.0, 6.2, 6.4, 7.6, 7.6, 7.6, 6.5, 6.2, 8.3, 8.7, 5.9, 9.1, 7.6, 7.5, 7.4, 8.9, 6.3, 6.8, 7.6, 7.0, 6.7, 6.6, 6.6, 6.4, 7.4, 6.3, 7.2, 6.0, 5.7, 6.4, 6.1, 6.7, 6.8, 7.6, 7.5, 6.8, 7.7, 7.6, 8.2, 6.5, 6.4, 7.4, 7.5, 7.3, 8.6, 6.7, 7.3, 8.1, 7.4, 6.9, 7.0, 7.5, 6.8, 6.7, 6.1, 6.6, 7.6, 6.5, 6.8, 7.5)

female_sd <- c(
12.3, 5.5, 5.8, 5.4, 5.0, 6.3, 4.9, 5.8, 4.9, 4.6, 5.6, 6.9, 5.2, 5.7, 9.3, 6.3, 5.5, 6.8, 6.3, 6.7, 5.7, 5.3, 6.8, 5.5, 5.5, 5.0, 5.5, 5.5, 4.3, 5.6, 7.4, 4.3, 7.4, 6.2, 5.9, 4.1, 11.7, 6.1, 4.3, 6.0, 6.3, 5.3, 6.7, 6.5, 5.1, 6.2, 5.4, 6.1, 6.6, 5.3, 5.1, 5.9, 4.6, 6.7, 7.3, 6.2, 6.1, 6.9, 5.9, 6.7, 6.8, 6.1, 6.2, 7.5, 6.0, 7.6, 6.2, 6.0, 6.0, 5.5, 5.4, 6.1, 6.0, 6.4, 6.3, 6.1, 6.1, 6.1, 4.7, 6.0, 6.7, 6.9, 7.0, 6.4, 5.9, 5.9, 5.8, 5.3, 5.3, 6.1, 6.2, 6.5, 5.4, 6.9, 5.4, 7.2, 5.9, 6.6, 6.2, 6.6, 6.5, 5.6, 6.4, 5.5, 5.8, 6.2, 5.1, 4.4, 6.5)

summary(male_height)
summary(female_height)
summary(male_sd)
summary(female_sd)

(pooled_sd <- mean(mean(male_sd), mean(female_sd)))
(diff <- mean(male_height)- mean(female_height))